125	1
757	2
758	3
815	4
816	5
817	6
818	7
819	8
840	9
841	10
846	11
847	12
848	13
849	14
857	15
858	16
859	17
860	18
863	19
867	20
872	21
873	22
885	23
886	24
915	25	HighCov
917	26	HighCov
918	27	HighCov
919	28	HighCov
920	29	HighCov
921	30	HighCov
922	31	HighCov
923	32	HighCov
924	33	HighCov
1358	34	HighCov
1359	35	HighCov
1360	36	HighCov
1361	37	HighCov
1362	38	HighCov
1363	39	HighCov
1364	40	HighCov
1365	41	HighCov
1366	42	HighCov
1367	43	HighCov
1368	44	HighCov
1373	45	HighCov
1374	46	HighCov
1375	47	HighCov
1376	48	HighCov
1377	49	HighCov
1378	50	HighCov
1382	51	HighCov
1383	52	HighCov
1384	53	HighCov
1385	54	HighCov
1386	55	HighCov
1387	56	HighCov
1388	57	HighCov
1389	58	HighCov
1390	59	HighCov
1402	60	HighCov
1403	61	HighCov
1404	62	HighCov
1405	63	HighCov
1406	64	HighCov
1407	65	HighCov
1410	66	HighCov
1423	67	HighCov
1424	68	HighCov
1425	69	HighCov
1426	70	HighCov
1427	71	HighCov
1428	72	HighCov
1460	73	HighCov
1461	74	HighCov
1462	75	HighCov
1463	76	HighCov
1464	77	HighCov
1465	78	HighCov
1466	79	HighCov
1467	80	HighCov
1468	81	HighCov
1474	82	HighCov
1475	83	HighCov
1476	84	HighCov
1477	85
1482	86	HighCov
1483	87	HighCov
1484	88	HighCov
1485	89	HighCov
1486	90	HighCov
1487	91	HighCov
1488	92	HighCov
1499	93	HighCov
1500	94	HighCov
1501	95	HighCov
1502	96	HighCov
1504	97
1505	98	HighCov
1506	99	HighCov
1507	100	HighCov
1517	101	HighCov
1518	102	HighCov
1519	103	HighCov
1520	104	HighCov
1521	105	HighCov
1522	106	HighCov
1527	107	HighCov
1528	108	HighCov
1529	109	HighCov
1536	110	HighCov
1537	111	HighCov
1538	112	HighCov
1540	113	HighCov
1541	114	HighCov
1542	115	HighCov
1543	116	HighCov
1544	117	HighCov
1545	118	HighCov
1591	119	HighCov
1592	120	HighCov
1593	121	HighCov
1594	122	HighCov
1595	123	HighCov
1596	124	HighCov
1597	125	HighCov
1598	126	HighCov
1599	127	HighCov
1600	128	HighCov
1601	129	HighCov
1602	130	HighCov
1603	131	HighCov
1604	132	HighCov
1605	133	HighCov
1606	134	HighCov
1607	135	HighCov
1608	136	HighCov
1609	137	HighCov
1610	138	HighCov
1611	139	HighCov
1612	140	HighCov
1622	141	HighCov
1623	142	HighCov
1624	143	HighCov
1625	144	HighCov
1626	145
1627	146
1644	147	HighCov
1645	148	HighCov
1661	149	HighCov
1662	150	HighCov
1663	151	HighCov
1664	152	HighCov
1665	153	HighCov
1666	154	HighCov
1668	155	HighCov
1669	156	HighCov
1670	157	HighCov
1671	158	HighCov
1672	159	HighCov
1710	160	HighCov
1711	161	HighCov
1712	162	HighCov
1714	163	HighCov
1715	164	HighCov
1716	165	HighCov
1717	166	HighCov
1718	167	HighCov
1719	168	HighCov
1731	169	HighCov
1732	170	HighCov
1733	171	HighCov
1734	172	HighCov
1735	173	HighCov
1782	174	HighCov
1784	175	HighCov
1785	176	HighCov
1786	177	HighCov
1787	178	HighCov
1788	179
1789	180
1908	181
1909	182	HighCov
1910	183	HighCov
1911	184	HighCov
1912	185	HighCov
1913	186	HighCov
1933	187
1938	188
1939	189
1963	190
1964	191
1965	192
1966	193
1967	194	HighCov
1968	195
1975	196
1976	197	HighCov
1978	198	HighCov
1979	199	HighCov
1986	200	HighCov
1987	201	HighCov
1988	202	HighCov
1989	203	HighCov
1990	204	HighCov
2001	205	HighCov
2002	206	HighCov
2007	207	HighCov
2008	208	HighCov
2009	209	HighCov
2011	210	HighCov
2012	211	HighCov
2013	212	HighCov
2014	213	HighCov
2079	214	HighCov
2080	215	HighCov
2081	216	HighCov
2082	217	HighCov
2083	218	HighCov
2084	219	HighCov
2085	220	HighCov
2086	221	HighCov
2087	222	HighCov
2124	223	HighCov
2125	224	HighCov
2126	225	HighCov
2127	226	HighCov
2128	227	HighCov
2145	228	HighCov
2146	229	HighCov
2147	230	HighCov
2181	231	HighCov
2288	232
2289	233
2321	234
2322	235
2323	236
2324	237
2325	238
2326	239
2471	240
2527	241
2528	242
2529	243
2530	244
2531	245
2532	246
2533	247
2534	248
2535	249
2536	250
2537	251
2538	252
2539	253
2540	254
2541	255
2542	256
2543	257
2544	258
2545	259
2546	260
2547	261
2700	262
2701	263	HighCov
2702	264	HighCov
2703	265	HighCov
2704	266	HighCov
2705	267	HighCov
2706	268
2726	269
2727	270
2728	271	HighCov
2729	272	HighCov
2730	273	HighCov
2731	274	HighCov
2732	275	HighCov
2733	276	HighCov
2734	277	HighCov
2735	278	HighCov
2736	279	HighCov
2737	280	HighCov
2738	281	HighCov
2748	282	HighCov
2749	283	HighCov
2750	284	HighCov
2751	285	HighCov
2752	286	HighCov
2753	287	HighCov
2754	288	HighCov
2755	289	HighCov
2762	290	HighCov
2763	291	HighCov
2764	292	HighCov
2765	293	HighCov
2766	294	HighCov
2770	295
2771	296
2772	297
2781	298
2807	299
2808	300	HighCov
2818	301	HighCov
2821	302	HighCov
2823	303
2824	304	HighCov
2826	305	HighCov
2834	306	HighCov
2836	307	HighCov
2837	308	HighCov
2838	309	HighCov
2839	310	HighCov
2848	311	HighCov
2849	312	HighCov
2850	313	HighCov
2851	314	HighCov
2852	315	HighCov
2853	316	HighCov
2854	317	HighCov
2870	318	HighCov
2871	319	HighCov
2872	320	HighCov
2873	321	HighCov
2874	322	HighCov
2875	323	HighCov
2876	324	HighCov
2877	325	HighCov
2878	326	HighCov
2879	327	HighCov
2880	328	HighCov
2881	329	HighCov
2882	330	HighCov
2883	331	HighCov
2884	332	HighCov
2885	333	HighCov
2886	334	HighCov
2950	335	HighCov
2951	336	HighCov
2952	337	HighCov
2953	338	HighCov
2954	339	HighCov
2955	340	HighCov
2956	341	HighCov
2957	342	HighCov
2958	343	HighCov
2959	344	HighCov
2961	345
2968	346
3025	347
3051	348
3129	349
3134	350
3135	351
3232	352
3233	353
3234	354
3322	355
3323	356
3324	357
3325	358
3326	359
3327	360
3328	361
3520	362
3521	363
3522	364
3523	365
3524	366
3525	367
3526	368
3527	369
3528	370
3529	371
3530	372
3598	373
3599	374
3600	375
3601	376
3812	377
3813	378
3822	379
3823	380
3824	381
3825	382
3826	383
3827	384
3828	385
3829	386
3830	387
3831	388
3832	389
3833	390
3836	391
3837	392
3838	393
3839	394
3840	395
3841	396
3842	397
3843	398
3844	399
3845	400
3846	401
3847	402
3848	403
3849	404
3850	405
3851	406
3852	407
3853	408
3854	409
3855	410
3856	411
3857	412
3858	413
